%YAML:1.0
---
camera_matrix: !!opencv-matrix
   rows: 3
   cols: 3
   dt: d
   data: [ 3.4504680834669841e+02, 0., 3.9566904248218515e+02, 0.,
       3.6337313381326754e+02, 2.5202907192665299e+02, 0., 0., 1. ]
dist_coeff: !!opencv-matrix
   rows: 1
   cols: 5
   dt: d
   data: [ 2.8670288092567570e-02, -1.1544204009685028e+00,
       6.2205532059099716e-03, -4.5888208051725393e-03,
       5.4734991346589474e+00 ]
